"intrinsics": [
{
    "key": 0,
        "value" : {
        "polymorphic_id": 2147483649,
            "polymorphic_name" : "pinhole_radial_k3",
            "ptr_wrapper" : {
            "id": 2147483660,
                "data" : {
                "width": 2832,
                    "height" : 2128,
                    "focal_length" : 2987.0186576364678,
                    "principal_point" : [
                        1476.2728554409619,
                            1108.8721999304644
                    ] ,
                    "disto_k3" : [
                        -0.24581086949837006,
                            0.2511208773727652,
                            0.176853690479493
                    ]
            }
        }
    }
}
],
"extrinsics": [
{
    "key": 0,
        "value" : {
        "rotation": [
            [
                0.9998209035428125,
                0.013495867621449609,
                0.013267343214770324
            ],
                [
                    -0.013393139173710739,
                    0.9998798725778282,
                    -0.007801553487585845
                ],
                [
                    -0.013371038176140958,
                    0.007622464882854893,
                    0.9998815496683604
                ]
        ],
            "center": [
                0.025730884620962389,
                    0.005601572570405825,
                    0.01597567841113321
            ]
    }
},
        {
            "key": 1,
            "value" : {
                "rotation": [
                    [
                        0.98925949401688,
                        0.05430512497855069,
                        0.13570779969674005
                    ],
                    [
                        -0.04993912737172119,
                        0.9981256114910995,
                        -0.03537438681970148
                    ],
                    [
                        -0.1373744410537038,
                        0.02821731891202374,
                        0.990117187942215
                    ]
                ],
                "center": [
                    0.3810877798322228,
                    -0.01665180729052384,
                    -0.06503797152529445
                ]
            }
        },
        {
            "key": 2,
            "value" : {
                "rotation": [
                    [
                        0.9665590889069791,
                        0.07144358000129939,
                        0.246291174279365
                    ],
                    [
                        -0.054078836083674617,
                        0.9955965386755029,
                        -0.07657030537481867
                    ],
                    [
                        -0.25067709735663065,
                        0.06069058455770439,
                        0.9661664689932571
                    ]
                ],
                "center": [
                    0.6330633126858081,
                    -0.021669968222753703,
                    -0.0833297799710703
                ]
            }
        },
        {
            "key": 3,
            "value" : {
                "rotation": [
                    [
                        0.9423637912442816,
                        0.0766511075136629,
                        0.3256917141540951
                    ],
                    [
                        -0.06597841943806772,
                        0.9968633540341909,
                        -0.0437069966041796
                    ],
                    [
                        -0.32802032424860247,
                        0.019699266499853465,
                        0.9444652485820796
                    ]
                ],
                "center": [
                    0.7705729788683636,
                    -0.014459294101333682,
                    -0.0391654577887085
                ]
            }
        },
        {
            "key": 4,
            "value" : {
                "rotation": [
                    [
                        0.8883571709449017,
                        0.09056829824018677,
                        0.4501321141449999
                    ],
                    [
                        -0.06903718015174219,
                        0.9955551287423952,
                        -0.06406132523924896
                    ],
                    [
                        -0.45393326005864179,
                        0.02583348580020749,
                        0.8906611176109262
                    ]
                ],
                "center": [
                    1.0044853197972546,
                    0.0013310199727547476,
                    0.03379707902389767
                ]
            }
        },
        {
            "key": 5,
            "value" : {
                "rotation": [
                    [
                        0.8448310711913998,
                        0.10348983272705559,
                        0.5249288672493806
                    ],
                    [
                        -0.08706391228441529,
                        0.9946292535257157,
                        -0.05596894861089486
                    ],
                    [
                        -0.5279018245160017,
                        0.0015819459546411383,
                        0.84930392741331
                    ]
                ],
                "center": [
                    1.1992924274816506,
                    0.026952636241720668,
                    0.1497150231681726
                ]
            }
        },
        {
            "key": 6,
            "value" : {
                "rotation": [
                    [
                        0.7888407947031827,
                        0.10955926353438361,
                        0.6047536427222696
                    ],
                    [
                        -0.09269051983380791,
                        0.993935933640018,
                        -0.05915933867179458
                    ],
                    [
                        -0.607567830077424,
                        -0.009387629783342962,
                        0.7942123168662529
                    ]
                ],
                "center": [
                    1.3367036438812217,
                    0.06544004054031413,
                    0.3179096555741522
                ]
            }
        },
        {
            "key": 7,
            "value" : {
                "rotation": [
                    [
                        0.6769811788798413,
                        0.1233814370942332,
                        0.7255849394957299
                    ],
                    [
                        -0.14713192978287843,
                        0.9886361136642126,
                        -0.030835531409208397
                    ],
                    [
                        -0.7211440068951738,
                        -0.08588163796460757,
                        0.6874413906506428
                    ]
                ],
                "center": [
                    1.3896499687559494,
                    0.11932044219851415,
                    0.5746557540157031
                ]
            }
        },
        {
            "key": 8,
            "value" : {
                "rotation": [
                    [
                        0.612445017909012,
                        0.1468773694896661,
                        0.7767484395672938
                    ],
                    [
                        -0.1539409883025927,
                        0.9859361179814883,
                        -0.06505492587048048
                    ],
                    [
                        -0.7753794375393578,
                        -0.07973085720967005,
                        0.6264421108528386
                    ]
                ],
                "center": [
                    1.4397271231838996,
                    0.18190199911482564,
                    0.8435911360770654
                ]
            }
        },
        {
            "key": 9,
            "value" : {
                "rotation": [
                    [
                        0.48693091694826037,
                        0.14498590598487763,
                        0.8613230341664332
                    ],
                    [
                        -0.16016550079019108,
                        0.9842270014162624,
                        -0.07512803764094783
                    ],
                    [
                        -0.8586298937706244,
                        -0.10137207085236344,
                        0.5024722965244449
                    ]
                ],
                "center": [
                    1.45543861907246,
                    0.2344942332385428,
                    1.083227922032751
                ]
            }
        },
        {
            "key": 10,
            "value" : {
                "rotation": [
                    [
                        0.4462678096570714,
                        0.21962348671588567,
                        0.8675313055715265
                    ],
                    [
                        -0.10555767742658939,
                        0.9755686916432932,
                        -0.19267408912901963
                    ],
                    [
                        -0.8886521359903347,
                        -0.005590345977708203,
                        0.4585478483557256
                    ]
                ],
                "center": [
                    1.3856453288653988,
                    0.28775204994020478,
                    1.3290640112599066
                ]
            }
        }
],