1:
- cam_R_m2c: [ 0.04992853, -4.371726E-05, 0.002672364, 0.001840242, -0.03569358, -0.03496545, -0.001938306, -0.03501383, 0.03564093]
  cam_t_m2c: [ 1.21034, 0.8187663, -2.933632]
  obj_bb: [640, 480, -639, -480]
  obj_id: 3
